1 0 0 0 0 0 0 0 0 0 0 0 0 -1
-1 0 0 0 0 0 0 0 0 0 0 0 0 0
2 3 0 0 0 0 10 0 101 0 0 0 1 1
-1 0 0 0 0 0 0 0 0 0 0 0 0 2
-1 0 0 0 0 0 0 0 0 0 0 0 0 -1
4 0 0 0 0 0 0 0 0 0 0 0 0 -1
-1 0 0 0 0 0 0 0 0 0 0 0 0 -1
-1 0 0 0 0 0 0 0 0 0 0 0 0 -1
9 0 0 0 0 0 38 62 0 0 0 0 0 4
9 0 0 0 0 0 0 0 0 0 0 0 0 32
4 5 6 0 0 0 18 0 0 0 0 0 0 -1
-1 0 0 0 0 0 0 0 0 0 0 0 0 33
14 0 0 0 0 0 0 0 0 0 0 0 0 -1
-1 0 0 0 0 0 0 0 0 0 0 0 0 5
15 0 0 0 0 0 16 20 103 0 0 0 14 6
-1 0 0 0 0 0 0 0 0 0 0 0 0 7
5 6 9 16 0 0 18 0 0 0 0 0 0 -1
-1 0 0 0 0 0 0 0 0 0 0 0 0 34
0 0 0 0 0 0 0 0 1 0 0 0 0 9
-1 0 0 0 0 0 0 0 0 0 0 0 0 10
16 17 18 0 0 0 22 0 0 0 0 0 0 -1
-1 0 0 0 0 0 0 0 0 0 0 0 0 35
0 0 0 0 0 0 0 0 3 0 0 0 0 11
-1 0 0 0 0 0 0 0 0 0 0 0 0 12
-1 0 0 0 0 0 0 0 0 0 0 0 0 -1
16 0 0 0 0 0 0 0 0 0 0 0 0 16
5 6 9 0 0 0 18 0 0 0 0 0 0 -1
-1 0 0 0 0 0 0 0 0 0 0 0 0 13
-1 0 0 0 0 0 0 0 0 0 0 0 0 -1
-1 0 0 0 0 0 0 0 0 0 0 0 0 -1
-1 0 0 0 0 0 0 0 0 0 0 0 0 -1
-1 0 0 0 0 0 0 0 0 0 0 0 0 -1
-1 0 0 0 0 0 0 0 0 0 0 0 0 -1
-1 0 0 0 0 0 0 0 0 0 0 0 0 -1
-1 0 0 0 0 0 0 0 0 0 0 0 0 -1
-1 0 0 0 0 0 0 0 0 0 0 0 0 -1
-1 0 0 0 0 0 0 0 0 0 0 0 0 -1
-1 0 0 0 0 0 0 0 0 0 0 0 0 -1
2 3 4 8 9 7 8 0 0 0 0 0 0 22
-1 0 0 0 0 0 0 0 0 0 0 0 0 23
-1 0 0 0 0 0 0 0 0 0 0 0 0 -1
-1 0 0 0 0 0 0 0 0 0 0 0 0 -1
-1 0 0 0 0 0 0 0 0 0 0 0 0 -1
-1 0 0 0 0 0 0 0 0 0 0 0 0 -1
-1 0 0 0 0 0 0 0 0 0 0 0 0 -1
-1 0 0 0 0 0 0 0 0 0 0 0 0 -1
16 0 0 0 0 0 0 0 0 0 0 0 0 -1
16 0 0 0 0 0 0 0 0 0 0 0 0 -1
-1 0 0 0 0 0 0 0 0 0 0 0 0 -1
-1 0 0 0 0 0 0 0 0 0 0 0 0 -1
-1 0 0 0 0 0 0 0 0 0 0 0 0 -1
-1 0 0 0 0 0 0 0 0 0 0 0 0 -1
8 0 0 0 0 0 0 0 0 0 0 0 0 -1
8 0 0 0 0 0 0 0 0 0 0 0 0 -1
-1 0 0 0 0 0 0 0 0 0 0 0 0 -1
8 0 0 0 0 0 0 0 0 0 0 0 0 17
8 17 20 0 0 7 68 0 0 0 0 0 0 22
-1 0 0 0 0 0 0 0 0 0 0 0 0 23
13 0 0 0 0 0 0 0 2 0 0 0 0 -1
-1 0 0 0 0 0 0 0 0 0 0 0 0 18
11 12 13 0 0 0 58 0 0 0 0 0 0 20
-1 0 0 0 0 0 0 0 0 0 0 0 0 21
8 9 10 0 0 0 8 60 0 11 12 13 7 22
-1 0 0 0 0 0 0 0 0 0 0 0 0 23
7 0 0 0 0 0 0 0 0 0 0 0 0 -1
-1 0 0 0 0 0 0 0 0 0 0 0 0 24
23 0 0 0 0 0 0 0 4 0 0 0 0 -1
-1 0 0 0 0 0 0 0 0 0 0 0 0 25
21 22 23 0 0 0 66 0 0 0 0 0 0 27
-1 0 0 0 0 0 0 0 0 0 0 0 0 28
20 0 0 0 0 0 68 0 0 21 22 23 19 29
-1 0 0 0 0 0 0 0 0 0 0 0 0 30
19 0 0 0 0 0 0 0 0 0 0 0 0 -1
-1 0 0 0 0 0 0 0 0 0 0 0 0 31

4 500 0 750 1 250 1 500 0 0 2 1
1 100 2 0 0 0 0 0 0 0 -1 97
2 100 3 0 0 0 0 0 0 0 -1 98
4 500 4 750 5 250 5 500 4 0 2 99
6 750 6 750 7 0 0 0 0 0 -1 3
4 500 8 750 9 250 9 500 8 0 14 5
1 100 10 0 0 0 0 0 0 0 -1 101
2 100 11 0 0 0 0 0 0 0 -1 102
4 500 12 750 13 250 13 500 12 0 14 103
1 100 14 0 0 0 0 0 0 0 -1 105
1 100 15 0 0 0 0 0 0 0 -1 106
1 100 16 0 0 0 0 0 0 0 -1 107
1 100 17 0 0 0 0 0 0 0 -1 108
4 500 18 750 19 250 19 500 18 0 26 7
1 0 20 0 0 0 0 0 0 0 -1 109
1 0 21 0 0 0 0 0 0 0 -1 110
6 750 22 750 23 0 0 0 0 0 -1 9
6 750 24 750 25 0 0 0 0 0 -1 11
5 500 26 750 27 250 27 500 26 0 58 13
4 500 28 750 29 250 29 500 28 0 58 15
1 100 30 0 0 0 0 0 0 0 -1 111
1 100 31 0 0 0 0 0 0 0 -1 112
3 100 32 0 0 0 0 0 0 0 -1 113
3 100 33 0 0 0 0 0 0 0 -1 114
4 500 34 750 35 250 35 500 34 0 62 17
5 500 36 750 37 250 37 500 36 0 66 19
4 500 38 750 39 250 39 500 38 0 66 21
1 100 40 0 0 0 0 0 0 0 -1 115
1 100 41 0 0 0 0 0 0 0 -1 116
1 100 42 0 0 0 0 0 0 0 -1 117
1 100 43 0 0 0 0 0 0 0 -1 118
4 500 44 750 45 250 45 500 44 0 70 23
7 750 46 0 0 0 0 0 0 0 -1 25
0 0 0 0 0 0 0 0 0 0 -1 0
0 0 0 0 0 0 0 0 0 0 -1 0
0 0 0 0 0 0 0 0 0 0 -1 0
0 0 0 0 0 0 0 0 0 0 -1 0
0 0 0 0 0 0 0 0 0 0 -1 0
0 0 0 0 0 0 0 0 0 0 -1 0
4 500 47 750 48 250 48 500 47 0 18 0

101 4 5 11 12 104 204 203 103 17 18 9 22 102 202 201
89 82 81 88 87 92 96 95 91 86 85 84 83 90 94 93

42 40 39 41 34 33 36 35 0 38 47 78 77 46 80 79 45 74 73 76 75 43 37 28 44 48 29 30

0 1 0 0 99 0 0 0 0 0 0 0 0 0
1 2 0 0 200 99 0 0 0 0 0 0 0 0
2 21 0 0 200 320 99 0 0 0 0 0 0 0
10 4 200 90 200 200 200 99 0 0 0 0 0 0
11 31 90 70 200 200 320 99 0 0 0 0 0 0
29 131 200 70 320 200 200 320 99 0 0 0 0 0
51 325 330 60 200 200 320 200 320 200 200 200 200 99
23 311 200 60 200 200 320 320 99 0 0 0 0 0
25 221 90 60 200 320 200 320 99 0 0 0 0 0
20 5 320 50 200 200 200 200 99 0 0 0 0 0
21 41 320 50 200 200 200 320 99 0 0 0 0 0
30 122 310 40 320 200 320 200 99 0 0 0 0 0
22 32 300 40 200 200 320 200 99 0 0 0 0 0
28 14 130 30 320 200 200 200 99 0 0 0 0 0
24 23 20 50 200 320 200 200 99 0 0 0 0 0
32 113 25 30 320 320 200 200 99 0 0 0 0 0
48 24 0 0 200 320 200 200 200 99 0 0 0 0
40 6 0 0 200 200 200 200 200 99 0 0 0 0
13 211 0 0 0 0 0 0 0 0 0 0 0 0
66 35 0 0 200 200 320 200 200 200 200 99 0 0

20 7 0 2 3 4 16 15 14 13 11 11 10 1 5 6 8 9 19 12 18 18 17
0 -1 -1 -1 -1 -1 24 -1 13 -1 -1 19 18 5 -1 -1 -1 -1 31 -1 -1 26 25
3 0 0 0 0 0 0 0 0 0 0 0 0 8 0 0 0 0 0 0 0 0 0
1 2 2 2 2 3 1 2 2 3 1 2 3 1 2 2 2 3 1 3 1 2 3
49 50 51 52 53 54 55 56 57 58 59 59 60 61 62 63 64 65 66 67 68 68 69

0 1 2 3 4 5 6 99 0
0 7 8 9 10 11 12 13 99
0 14 15 16 17 18 99 0 0
0 19 20 21 22 23 99 0 0
0 7 8 17 20 21 22 23 99
0 7 8 9 4 3 99 0 0 
0 14 15 16 9 5 6 99 0
0 10 9 5 6 99 0 0 0
0 3 4 5 6 99 0 0 0

7680 200 200 240 80 120 350 2770 0
2420 200 100 160 440 2520 1340 440 4020
7680 200 440 120 80 350 2770 0 0 
2420 200 700 2520 1340 440 4020 0 0 
0 200 100 40 560 2520 1340 440 4020
0 200 100 120 40 240 0 0 0
0 200 440 120 40 40 350 2770 0
0 0 100 100 350 2770 0 0 0
0 0 80 120 350 2770 0 0 0

60 55 55 55 55 55 60 60 0
60 60 55 55 55 60 60 60 60
90 90 80 80 80 80 80 0 0
75 75 75 90 90 90 90 0 0
0 20 20 20 30 50 70 70 80
0 20 20 20 20 20 20 0 0
0 20 20 20 20 20 30 60 0
0 20 20 20 40 60 0 0 0
0 20 20 30 40 60 0 0 0

1 3 0 11 0 0 19 0 0
2 63 0 0 61 0 59 0 0
3 15 21 0 0 23 0 0 0
4 71 69 0 67 0 0 0 0
4 57 0 0 69 0 67 0 0
2 39 0 0 0 3 0 0 0
1 15 17 0 0 0 19 0 0
1 27 0 0 19 0 0 0 0
1 11 0 0 19 0 0 0 0

60 40 30 30 20 30 40 60 0
50 40 30 30 30 50 60 60 60
70 40 30 20 30 40 70 0 0
60 40 30 50 60 60 70 0 0
0 0 0 0 0 0 0 0 0
0 0 0 0 0 0 0 0 0
0 0 0 0 0 0 0 0 0
0 0 0 0 0 0 0 0 0
0 0 0 0 0 0 0 0 0

1551 20 20 20 20 20 30 50 0
2551 20 20 20 30 50 60 60 60
2556 20 20 20 30 50 20 30 50
3551 20 20 20 20 30 60 0 0
4551 20 30 50 70 80 80 0 0
4554 20 30 50 20 30 50 0 0
5556 20 20 20 30 50 20 30 50
0 0 0 0 0 0 0 0 0
0 0 0 0 0 0 0 0 0

101 31 32 23 31 5 311
101 41 31 122 32 31 5
101 4 131 31 4 5 31
101 31 5 4 325 31 311

60
1006  0 0 0 0
3 4   3   0   0
4 31  9   25  60
3 131 60  0   0
4 4   70  87  120
3 31  110 0   170
4 221 135 155 0
2006  0 0 0 0
3 4   10  0   0
4 31  3   18  50
3 131 70  0   0
4 4   65  83  115
3 31  130 0   180
4 221 125 140 0
3007  0 0 0 0
103 4   3   0   0
103 31  103 0   160
102 31  9   27  65
102 221 80  100 0
104 4   18  35  0
104 131 123 140 0
101 32  70  0   0
4006  0 0 0 0
2 31  5   0   0
3 31  3   0   60
2 31  30  0   75
2 221 70  0   0
8 0   0   0   110
9 0   0   0   80
5017  0 0 0 0
1 31  53  0   120
8 0   0   0   150
9 0   0   0   430
8 0   0   0   560
2 221 3   8   0
2 221 155 166 0
2 31  195 210 250
2 221 285 302 0
2 221 385 402 0
2 221 440 456 0
2 221 568 576 0
3 23  112 0   0
3 31  280 0   340
3 31  440 0   500
3 31  530 0   600
4 4   115 138 170
4 31  490 512 550
6004  0 0 0 0
101 31  2   0   60
101 31  80  0   140
102 31  14  25  55
102 31  105 115 145
7007  0 0 0 0
103 4   3   0   0
103 31  103 0   160
102 31  9   27  65
102 31  80  100 140
104 4   18  35  0
104 4   123 140 0
101 31  70  0   125
